image1 617 733
image2 617 733
polylines 11
poly 0 0.23755951 0.3722389 0.31612247 0.3441807 0.38720328 0.3479218 
poly 1 0.28245264 0.39655602 0.3198636 0.37598 0.36662728 0.3797211 
poly 0 0.46576628 0.33856905 0.5592936 0.3441807 0.6135395 0.39094436 
poly 1 0.4788601 0.38159162 0.5387176 0.36662728 0.5630347 0.3797211 
poly 0 0.2693588 0.41339093 0.32360467 0.40403822 0.3722389 0.4077793 
poly 1 0.297417 0.4283553 0.3441807 0.4190026 0.3834622 0.4264848 
poly 0 0.4844717 0.4077793 0.5237532 0.40403822 0.57612854 0.4115204 
poly 1 0.47698954 0.42274368 0.5106594 0.4190026 0.5592936 0.42087314 
poly 0 0.32360467 0.5854813 0.42461422 0.5892224 0.5181416 0.59109294 
poly 1 0.34231013 0.5836108 0.43209642 0.5798696 0.5237532 0.5779991 
poly 0 0.35727453 0.51627105 0.4264848 0.5293649 0.49008337 0.5181416 
poly 1 0.3722389 0.5256238 0.43396696 0.5293649 0.47698954 0.5256238 
poly 0 0.15338488 0.36101562 0.20201911 0.16834925 0.39094436 0.07669244 0.59109294 0.15151432 0.66591483 0.3479218 
poly 1 0.17957252 0.34605125 0.22633623 0.20014855 0.39468548 0.10475065 0.5985751 0.16460815 0.6546915 0.38159162 
poly 0 0.22259513 0.6565621 0.30302864 0.73325455 0.42461422 0.77440655 0.5499409 0.7257723 0.6135395 0.6453388 
poly 1 0.2730999 0.6060573 0.32734576 0.68649083 0.43770805 0.7500894 0.53497654 0.6808792 0.59109294 0.594834 
poly 0 0.18518418 0.56677586 0.15151432 0.41339093 
poly 1 0.24691223 0.55181146 0.21137184 0.4115204 
poly 0 0.3441807 0.6023162 0.4264848 0.60792786 0.49195394 0.60979843 
poly 1 0.36662728 0.5985751 0.43396696 0.60792786 0.49569502 0.59296346 
poly 0 0.22633623 0.7687949 0.41713205 0.8436168 0.6023162 0.7669244 
poly 1 0.24317114 0.7369956 0.40216765 0.79498255 0.574258 0.74260724 
